Sample	Assay1	Assay2	Assay3
RT	28.8	24.2	20.4
V223F	31.9	32.1	25.2
V223Y	29.8	29.3	22.8
T197A	28.8	27.6	22.5
T197G	27.1	27.2	21.5
D114A	29.8	29.1	22.5
R116A	32.7	32.6	23.7
F309W	31.4	32.9	25.5
P196H	35.1	35.5	27.0
P196R	32.8	33.4	25.0
P196F	29.4	28.5	22.6
P196H/T197P	30.6	27.1	21.7
P196R/T197P	33.9	36.0	26.1
P196G	28.0	26.6	20.9
Y64W	32.7	32.8	25.9
V223R/P104K	27.8	25.9	21.5
V223R/F155Y	28.0	25.1	20.5
V223R/K257R	28.8	28.0	22.2
K257R	28.4	27.0	21.2
F155Y	31.0	28.8	21.5
V223R	27.6	25.9	20.3
P104K	28.4	28.6	23.1
RT24	28.1	25.5	20.9
